66
41.4975134
-86.3228465
41.49705061
-86.32331808
41.4968306
-86.32363839
41.49682301
-86.32417225
41.49676232
-86.32463493
41.49649678
-86.32515989
41.49620089
-86.32574713
41.49598088
-86.32605855
41.49576845
-86.3262276
41.49548015
-86.32630768
41.49503252
-86.32620091
41.49453179
-86.32610304
41.49416003
-86.32603185
41.49386834
-86.32594937
41.49374203
-86.3257642
41.49385481
-86.32552613
41.49395857
-86.32517166
41.49416608
-86.32484893
41.49436458
-86.32457911
41.4942518
-86.32422994
41.49395857
-86.32418232
41.49369692
-86.32415058
41.49340368
-86.32434104
41.49317812
-86.32424052
41.49328188
-86.32400773
41.49355707
-86.32387018
41.49382774
-86.3238014
41.49403526
-86.32371675
41.49406684
-86.32354216
41.49388639
-86.32339932
41.49375105
-86.32327235
41.4934894
-86.32333583
41.49320519
-86.32334641
41.49336759
-86.32315066
41.49353
-86.32298665
41.49347586
-86.32280678
41.49325481
-86.3226798
41.49308338
-86.32248934
41.49292098
-86.32210842
41.49271346
-86.32196029
41.49268639
-86.32163756
41.49248338
-86.32145768
41.49228939
-86.32131484
41.49230744
-86.32091275
41.49263225
-86.32094979
41.49294804
-86.32091275
41.49310143
-86.32059532
41.4932909
-86.32052654
41.49351195695643
-86.32072758871298
41.49368337901348
-86.32083339951312
41.49378865
-86.32107606
41.49374805
-86.32127181
41.4936082
-86.32140936
41.49389241
-86.32158395
41.49414504
-86.32179028
41.49449241
-86.32192255
41.49483526
-86.32202836
41.49519615
-86.32197016
41.49559314
-86.32206539
41.49596305
-86.32219766
41.49631943
-86.32238812
41.49663521
-86.32249393
41.49699159
-86.32254154
41.49725323
-86.32254154
41.49750134
-86.32243573
41.49778102
-86.32235108