828.8475889180256, 1348.1705506438122, 0.0
681.9875678793903, 1179.1507074579713, 0.0
582.2362354724187, 1098.7988076782215, 0.0
415.9809005795777, 1096.0267931384308, 0.0
271.8925284425208, 1073.8616333818948, 0.0
108.40884245125827, 976.8812985452433, 0.0
-74.47015740609586, 868.8165577335948, 0.0
-171.45295513000593, 788.4646579538451, 0.0
-224.09871312383083, 710.881120522751, 0.0
-249.0373247811934, 605.5883942532162, 0.0
-215.7868806455362, 442.1052757646863, 0.0
-185.3080854074955, 259.2290120640575, 0.0
-163.1380084411184, 123.45508241629146, 0.0
-137.45198584525073, 16.92426269449787, 0.0
-79.78611770918441, -29.206587998359193, 0.0
-5.646066800267942, 11.98284546816049, 0.0
104.74341463802867, 49.878000783788586, 0.0
205.24838640865323, 125.6646592239097, 0.0
289.2760611918727, 198.1606917065975, 0.0
398.01501014031044, 156.97125823775463, 0.0
412.84488884844944, 49.878000783788586, 0.0
422.7293985161215, -45.68163094627541, 0.0
363.41611210475116, -152.77854059602294, 0.0
394.7201735857404, -235.15740752906228, 0.0
467.2159204259838, -197.2622522134342, 0.0
510.051909853911, -96.75755106125133, 0.0
531.4714616751521, 2.096358822027446, 0.0
557.8332683223052, 77.88666945560684, 0.0
612.2042999038016, 89.42029517486247, 0.0
656.6877076109948, 23.516471189739327, 0.0
696.22886048039, -25.912309847467608, 0.0
676.4598411450461, -121.4719415798548, 0.0
673.165004594438, -225.27092088292926, 0.0
734.1257092850743, -165.95930539304754, 0.0
785.2019043080386, -106.64403770738438, 0.0
841.2172399542459, -126.41701099965047, 0.0
880.7615070342341, -207.14873885956723, 0.0
940.0747934456045, -269.7582846937988, 0.0
1058.701366268345, -329.0699001860037, 0.0
1104.8321922468806, -404.8602108195831, 0.0
1205.337164021467, -414.7466974657161, 0.0
1261.3556138822294, -488.8898690238497, 0.0
1305.8390215814986, -559.7387624287685, 0.0
1431.0583817279344, -553.1465539335271, 0.0
1419.5233395743653, -434.5196707579822, 0.0
1431.0583817279344, -319.18706573332895, 0.0
1529.9128210126619, -263.1660762008805, 0.0
1551.332372829941, -193.9679740625426, 0.0
1488.721536454109, -113.23370558135704, 0.0
1455.7698075137416, -50.62706066418244, 0.0
1380.2001815613737, -12.18006389864539, 0.0
1319.2394768707375, -27.007967768792614, 0.0
1276.403487446772, -78.08388788376854, 0.0
1222.0324558652758, 25.715091419305907, 0.0
1157.7769146200694, 117.98044500080151, 0.0
1116.5852292647771, 244.84667574703363, 0.0
1083.63374950056, 370.06211522436166, 0.0
1101.758464763269, 501.8661110057961, 0.0
1072.101821557584, 646.8545237753902, 0.0
1030.9101361983298, 781.9527977077162, 0.0
971.5968497869594, 912.1096544113816, 0.0
938.6453700306661, 1027.4386072425766, 0.0
923.818605529158, 1157.5954639485653, 0.0
923.818605529158, 1253.1514434874941, 0.0
956.7700852933751, 1343.7660058000856, 0.0
983.1318919405284, 1445.9105416407979, 0.0
