22
32.24115747
-101.10024549
32.24521718
-101.09794811
32.24833991
-101.09844041
32.25278094
-101.09696352
32.25739521
-101.10004037
32.25736052
-101.10389669
32.2584013
-101.10529153
32.26117666
-101.10693252
32.26048283
-101.10849146
32.26076036
-101.11152729
32.26252962
-101.1133734
32.26110728
-101.11431697
32.25926861
-101.11448107
32.25663196
-101.1133734
32.2548279
-101.11160934
32.25517484
-101.10996835
32.25340544
-101.11107602
32.24955427
-101.11078885
32.24712553
-101.11128114
32.24438443
-101.11074782
32.24167796
-101.10959913
32.24160856
-101.1072197
